2000	
0	1
1	0
2	3
2	4
2	7
3	2
3	309
4	2
4	273
4	274
4	388
7	2
7	8
7	16
309	3
309	6
309	274
273	4
274	4
274	309
388	4
388	389
5	6
5	8
5	9
6	5
6	305
6	309
6	310
9	5
9	12
8	5
8	7
305	6
310	6
310	15
310	311
16	7
16	17
16	18
12	9
12	13
12	14
10	11
10	22
10	77
11	10
11	44
22	10
22	44
22	58
22	69
77	10
77	76
77	197
44	11
44	22
44	45
44	51
13	12
14	12
14	15
14	20
15	14
15	310
15	312
20	14
20	19
20	24
20	312
312	15
312	20
312	26
17	16
18	16
18	24
18	266
266	18
266	303
24	18
24	20
24	23
24	303
19	20
19	21
19	23
19	25
21	19
23	19
23	24
23	38
25	19
25	26
25	29
58	22
58	50
58	70
69	22
69	70
69	76
69	83
38	23
38	39
38	52
303	24
303	39
303	266
303	304
26	25
26	37
26	312
29	25
29	27
29	314
37	26
37	36
37	313
27	28
27	29
27	30
28	27
30	27
30	31
30	32
314	29
314	315
314	316
31	30
32	30
32	33
32	34
33	32
34	32
34	35
34	36
35	34
36	34
36	37
36	40
36	313
40	36
40	45
40	67
313	36
313	37
313	276
39	38
39	303
39	317
52	38
52	53
52	71
52	132
317	39
317	72
67	40
45	40
45	44
45	275
45	279
41	42
41	43
41	57
42	41
42	279
43	41
57	41
57	56
57	64
57	75
279	42
279	45
279	53
51	44
51	50
275	45
275	276
275	284
46	47
46	56
46	59
47	46
47	55
47	60
56	46
56	57
56	65
59	46
59	60
59	65
59	68
55	47
55	49
55	54
60	47
60	54
60	59
48	49
48	54
48	63
48	277
49	48
49	55
54	48
54	55
54	60
54	62
277	48
277	53
277	326
63	48
63	62
50	51
50	58
50	61
61	50
61	70
61	81
53	52
53	277
53	278
53	279
71	52
71	72
71	319
132	52
132	151
132	152
278	53
278	148
278	156
62	54
62	63
62	68
65	56
65	59
65	75
65	78
64	57
64	66
64	80
75	57
75	65
75	80
75	82
70	58
70	61
70	69
70	93
68	59
68	62
68	78
81	61
81	79
81	93
81	95
66	64
66	73
66	86
80	64
80	75
80	86
80	87
78	65
78	68
78	82
73	66
73	74
73	79
86	66
86	80
86	89
86	94
76	69
76	77
76	88
76	198
83	69
83	88
83	92
93	70
93	81
93	92
72	71
72	317
72	318
319	71
319	320
318	72
74	73
79	73
79	81
79	89
82	75
82	78
82	87
82	106
88	76
88	83
88	96
88	387
198	76
198	197
197	77
197	198
197	387
89	79
89	86
89	95
89	97
87	80
87	82
87	94
87	99
95	81
95	89
95	101
95	102
106	82
106	105
92	83
92	93
92	96
92	98
84	85
84	352
85	84
85	853
85	895
352	84
853	85
895	85
895	896
94	86
94	87
94	97
94	108
99	87
99	100
99	105
96	88
96	92
96	103
96	104
387	88
387	197
97	89
97	94
97	102
97	107
90	91
90	297
90	400
90	1520
90	1642
91	90
91	295
91	297
91	345
297	90
297	91
297	257
297	293
1520	90
400	90
400	397
400	1642
1642	90
1642	400
295	91
295	296
295	298
295	382
345	91
345	344
345	382
345	403
98	92
98	101
98	104
108	94
108	100
108	107
108	110
101	95
101	98
101	112
102	95
102	97
102	111
102	113
103	96
103	115
103	124
104	96
104	98
104	115
104	120
107	97
107	108
107	113
107	346
100	99
100	108
100	109
105	99
105	106
109	100
109	110
109	118
112	101
112	111
111	102
111	112
111	119
111	122
113	102
113	107
113	114
113	121
115	103
115	104
115	120
115	123
115	128
124	103
124	123
124	347
120	104
120	115
120	119
346	107
346	110
110	108
110	109
110	346
118	109
118	116
119	111
119	120
119	125
122	111
122	121
122	125
122	127
114	113
121	113
121	122
121	126
123	115
123	124
123	136
128	115
128	125
128	138
116	117
116	118
116	133
117	116
133	116
125	119
125	122
125	128
125	129
126	121
126	127
126	130
127	122
127	126
127	129
127	134
136	123
136	135
136	347
347	124
347	136
129	125
129	127
129	137
130	126
130	131
130	134
134	127
134	130
134	137
134	142
138	128
138	137
138	144
137	129
137	134
137	138
137	145
131	130
151	132
151	153
151	156
152	132
152	153
152	154
142	134
142	141
142	145
135	136
135	284
284	135
284	275
284	406
145	137
145	142
145	143
144	138
144	143
144	177
139	140
140	139
141	142
141	143
141	325
143	141
143	144
143	145
325	141
325	324
177	144
146	147
146	148
146	149
147	146
147	148
147	150
147	412
148	146
148	147
148	278
148	324
149	146
149	150
149	161
412	147
412	322
150	147
150	149
150	406
150	411
324	148
324	322
324	325
161	149
161	175
161	328
411	150
406	150
406	284
406	285
156	151
156	155
156	278
153	151
153	152
153	154
154	152
154	153
155	156
155	157
155	166
157	155
157	162
157	170
166	155
166	165
166	332
162	157
170	157
170	171
158	159
158	160
158	280
159	158
159	280
159	282
160	158
280	158
280	159
280	281
282	159
282	283
175	161
175	173
175	178
328	161
328	327
163	164
163	165
163	180
164	163
164	180
164	327
165	163
165	166
165	171
180	163
180	164
180	179
327	164
327	328
327	329
171	165
171	170
332	166
167	168
167	169
167	172
168	167
168	281
168	286
169	167
172	167
172	176
172	292
286	168
286	292
281	168
281	280
176	172
176	173
176	178
292	172
292	286
292	291
173	174
173	175
173	176
174	173
178	175
178	176
178	181
181	178
181	182
181	183
179	180
179	184
179	185
184	179
185	179
185	183
185	186
182	181
183	181
183	185
183	291
291	183
291	289
291	292
186	185
186	187
186	188
187	186
187	333
187	336
188	186
188	194
188	289
333	187
333	334
333	335
336	187
194	188
194	195
194	361
289	188
289	291
289	362
189	190
189	191
189	193
190	189
191	189
193	189
193	192
192	193
192	196
196	192
196	195
195	194
195	196
195	338
361	194
361	200
361	362
361	377
338	195
338	337
199	200
199	205
199	206
200	199
200	361
200	373
200	376
206	199
206	207
206	210
205	199
205	204
373	200
373	290
373	374
373	375
376	200
376	207
376	377
376	391
201	202
201	203
201	204
201	213
202	201
202	208
202	383
203	201
203	383
204	201
204	205
204	210
204	212
213	201
213	208
213	212
213	222
208	202
208	209
208	213
208	214
383	202
383	203
210	204
210	206
210	211
210	215
212	204
212	213
212	215
212	221
207	206
207	376
207	1203
1203	207
1203	211
1203	360
209	208
209	287
209	288
209	290
214	208
214	222
214	299
287	209
287	290
287	372
288	209
288	298
288	302
290	209
290	287
290	373
290	375
211	210
211	220
211	223
211	1203
215	210
215	212
215	223
215	226
223	211
223	215
223	229
223	231
220	211
220	218
220	231
220	360
221	212
221	222
221	226
221	243
222	213
222	214
222	221
299	214
299	243
299	298
226	215
226	221
226	229
226	350
216	217
216	225
216	227
217	216
217	219
217	224
225	216
225	228
225	233
227	216
227	224
227	233
227	236
224	217
224	218
224	227
224	234
219	217
219	218
219	360
218	219
218	220
218	224
218	230
230	218
230	231
230	234
230	237
360	219
360	220
360	1203
231	220
231	223
231	230
231	238
243	221
243	241
243	299
243	350
229	223
229	226
229	238
234	224
234	230
234	236
234	239
228	225
228	232
228	235
233	225
233	227
233	235
233	240
350	226
350	242
350	243
350	351
236	227
236	234
236	240
232	228
232	1355
232	1380
235	228
235	233
235	244
238	229
238	231
238	237
237	230
237	238
237	239
237	343
1355	232
1380	232
240	233
240	236
240	244
240	245
239	234
239	237
239	245
239	264
244	235
244	240
244	246
244	357
343	237
245	239
245	240
245	246
264	239
264	265
264	397
241	242
241	243
241	296
242	241
242	350
242	356
296	241
296	295
296	384
356	242
357	244
357	248
357	359
246	244
246	245
246	359
359	246
359	357
359	358
247	248
247	249
247	259
247	405
248	247
248	357
248	358
249	247
249	250
249	251
259	247
259	258
259	1371
405	247
405	250
405	391
358	248
358	359
250	249
250	263
250	405
251	249
251	258
251	263
263	250
263	251
263	262
258	251
258	259
258	265
252	253
252	254
252	256
253	252
253	294
254	252
256	252
256	255
256	293
256	341
294	253
294	293
255	256
255	257
255	260
257	255
257	297
260	255
260	261
260	340
293	256
293	294
293	297
341	256
341	340
341	342
341	416
265	258
265	264
265	1371
1371	259
1371	265
1371	1372
261	260
261	344
340	260
340	341
340	348
344	261
344	345
262	263
397	264
397	400
397	420
267	268
267	269
267	306
267	321
268	267
268	269
268	321
268	1410
306	267
306	1401
269	267
269	268
269	321
269	1400
321	267
321	268
321	269
1410	268
1410	1391
1410	1409
1410	1416
1400	269
1400	1401
1400	1591
270	271
270	272
270	404
270	1666
271	270
271	595
272	270
272	595
404	270
404	407
404	425
404	1398
1666	270
1666	1665
1666	1746
595	271
595	272
595	1386
276	275
276	313
326	277
283	282
283	285
285	283
285	406
372	287
372	371
298	288
298	295
298	299
298	803
302	288
302	300
302	371
302	401
362	289
362	361
362	367
375	290
375	373
375	374
382	295
382	345
382	802
384	296
803	298
803	402
803	841
300	301
300	302
300	368
300	370
301	300
301	401
301	1075
368	300
368	369
368	370
370	300
370	368
370	371
401	301
401	302
401	402
401	825
1075	301
1075	1020
1075	1570
371	302
371	370
371	372
304	303
1401	306
1401	1400
307	308
308	307
311	310
315	314
316	314
320	319
322	323
322	324
322	412
323	322
329	327
329	330
330	329
330	331
331	330
334	333
335	333
337	338
337	339
337	377
339	337
377	337
377	361
377	376
377	391
348	340
348	349
348	416
342	341
416	341
416	348
416	415
416	488
403	345
403	825
403	841
403	1020
349	348
351	350
353	354
353	355
354	353
354	508
354	509
355	353
508	354
508	439
508	510
509	354
509	513
509	514
367	362
367	374
363	364
363	991
364	363
364	1001
364	1009
991	363
991	993
1001	364
1009	364
1009	1021
1009	1027
1009	1028
365	366
366	365
374	367
374	373
374	375
369	368
369	419
369	486
419	369
419	417
419	486
419	487
486	369
486	419
486	487
391	376
391	377
391	405
378	379
379	378
380	381
380	1534
380	1539
380	1550
381	380
381	1364
381	1550
1539	380
1539	1540
1539	1541
1534	380
1534	1535
1534	1541
1550	380
1550	381
1550	1535
1550	1547
1364	381
1364	1547
1364	1552
802	382
802	920
802	992
385	386
385	390
385	392
386	385
386	410
386	630
386	631
390	385
390	392
390	410
392	385
392	390
392	1327
630	386
630	631
630	686
631	386
631	630
631	707
410	386
410	390
410	1769
389	388
1327	392
1327	914
1327	1390
1327	1424
393	394
393	1095
393	1488
393	1699
394	393
394	398
394	1469
394	1488
1699	393
1699	1455
1699	1456
1095	393
1095	1096
1095	1463
1488	393
1488	394
1469	394
1469	1468
1469	1697
398	394
398	399
398	1468
395	396
396	395
420	397
420	421
420	524
399	398
399	1467
399	1472
1468	398
1468	1469
1467	399
1467	1461
1467	1471
1472	399
1472	1471
402	401
402	803
402	825
825	401
825	402
825	403
825	1020
1020	403
1020	825
1020	1075
841	403
841	803
841	1073
407	404
407	408
407	425
425	404
425	407
425	1396
1398	404
408	407
408	409
408	1386
409	408
409	1592
409	1667
1386	408
1386	595
1386	1394
1667	409
1667	1421
1667	1592
1592	409
1592	1422
1592	1591
1592	1667
1769	410
1769	1768
413	414
413	418
413	489
414	413
414	489
414	490
414	491
489	413
489	414
489	602
489	604
418	413
418	417
490	414
490	491
490	603
491	414
491	490
491	596
415	416
415	421
415	422
422	415
422	426
421	415
421	420
421	504
488	416
488	424
488	428
417	418
417	419
417	505
505	417
505	494
505	506
487	419
487	486
487	596
524	420
524	525
524	526
504	421
426	422
426	427
423	424
423	428
423	430
424	423
424	430
424	488
424	494
430	423
430	424
430	429
430	434
428	423
428	427
428	488
428	496
494	424
494	505
494	507
1396	425
1396	1397
1396	1686
427	426
427	428
427	432
432	427
432	456
432	515
496	428
496	456
496	495
429	430
429	431
429	434
431	429
431	443
434	429
434	430
434	433
434	443
443	431
443	433
443	434
443	492
456	432
456	455
456	496
515	432
515	440
515	511
433	434
433	443
433	492
492	433
492	443
492	493
492	527
435	436
435	437
435	438
436	435
436	527
436	529
437	435
438	435
438	536
438	600
527	436
527	492
527	528
529	436
536	438
536	534
536	594
600	438
600	599
439	440
439	452
439	508
440	439
440	515
440	601
452	439
452	451
452	516
601	440
441	442
441	445
442	441
445	441
445	444
444	445
444	446
446	444
447	448
448	447
449	450
449	485
450	449
485	449
451	452
516	452
453	454
454	453
454	498
498	454
498	499
455	456
455	457
455	462
457	455
457	458
457	521
462	455
462	522
462	587
462	588
458	457
458	459
458	461
458	520
521	457
521	460
521	522
461	458
461	459
461	460
459	458
459	460
459	461
520	458
460	459
460	461
460	521
522	462
522	521
522	523
587	462
587	585
587	588
588	462
588	587
588	589
463	464
463	467
463	580
464	463
464	538
464	539
467	463
580	463
580	469
580	581
538	464
539	464
465	466
466	465
468	469
468	470
469	468
469	579
469	580
470	468
579	469
579	577
471	472
471	475
472	471
472	573
475	471
475	484
475	575
573	472
573	574
573	576
473	474
473	1580
474	473
1580	473
484	475
575	475
575	572
476	477
476	497
477	476
477	500
477	530
497	476
500	477
530	477
530	531
478	479
478	775
478	776
478	807
479	478
775	478
775	776
775	1049
776	478
776	775
776	1053
807	478
807	798
807	809
480	481
481	480
481	554
481	556
554	481
554	553
554	555
556	481
556	555
556	557
482	483
483	482
483	548
483	550
548	483
548	547
548	549
550	483
550	551
550	552
596	487
596	491
602	489
602	603
602	604
604	489
604	602
604	605
603	490
603	602
493	492
507	494
495	496
499	498
499	577
577	499
577	578
577	579
501	502
501	503
502	501
502	540
502	542
503	501
503	540
540	502
540	503
540	541
542	502
542	543
506	505
510	508
513	509
514	509
511	512
511	515
512	511
517	518
517	519
518	517
519	517
523	522
525	524
526	524
528	527
531	530
532	533
532	537
533	532
537	532
534	535
534	536
534	594
535	534
535	594
535	605
594	534
594	535
594	536
605	535
605	604
605	606
541	540
543	542
543	544
543	547
544	543
544	549
547	543
547	548
549	544
549	548
545	546
546	545
546	1998
1998	546
1998	1997
551	550
552	550
552	553
553	552
553	554
555	554
555	556
557	556
557	558
558	557
558	559
559	558
559	597
559	598
597	559
598	559
560	561
561	560
561	564
564	561
564	562
562	563
562	564
562	565
563	562
565	562
565	566
566	565
566	567
567	566
567	568
568	567
568	571
571	568
571	569
569	570
569	571
569	572
570	569
572	569
572	575
574	573
576	573
578	577
581	580
581	582
581	583
582	581
583	581
583	584
583	585
584	583
585	583
585	586
585	587
586	585
589	588
589	590
589	591
590	589
591	589
591	592
591	593
592	591
593	591
593	607
607	593
607	599
599	600
599	607
606	605
608	609
608	610
608	612
608	682
609	608
609	684
609	702
610	608
610	683
610	698
610	702
612	608
612	611
612	619
612	684
682	608
682	619
682	696
684	609
684	612
684	613
702	609
702	610
702	701
698	610
698	699
698	700
698	808
683	610
683	619
683	635
683	659
611	612
611	613
611	614
613	611
613	684
613	703
614	611
614	618
614	622
619	612
619	618
619	682
619	683
703	613
703	704
618	614
618	619
618	659
622	614
622	620
622	621
622	659
615	616
615	617
615	623
616	615
616	808
616	811
617	615
623	615
623	624
623	625
808	616
808	698
808	699
808	828
811	616
811	831
811	1013
659	618
659	622
659	635
659	683
620	621
620	622
620	628
620	1740
621	620
621	622
621	660
628	620
628	627
628	695
1740	620
1740	1741
1740	1744
660	621
660	661
660	704
624	623
624	831
624	1012
625	623
625	626
831	624
831	811
831	842
1012	624
626	625
626	634
626	685
634	626
634	635
634	645
685	626
685	662
685	879
627	628
627	629
627	637
627	638
629	627
629	637
629	668
629	669
638	627
638	639
638	653
637	627
637	629
637	636
637	639
695	628
668	629
669	629
686	630
686	687
686	692
707	631
632	633
632	1514
632	1557
633	632
633	1514
1557	632
1514	632
1514	633
1514	1513
635	634
635	646
635	659
635	683
645	634
645	646
646	635
646	645
646	681
646	1758
636	637
636	639
636	672
639	636
639	637
639	638
639	653
672	636
672	641
653	638
653	639
653	652
653	667
640	641
640	642
640	673
641	640
641	654
641	655
641	672
641	673
642	640
642	649
642	651
673	640
673	641
673	664
673	666
654	641
654	652
654	655
654	671
654	674
655	641
655	651
655	654
655	676
649	642
649	650
649	651
651	642
651	649
651	655
643	644
643	650
643	657
644	643
644	664
644	665
644	666
650	643
650	649
650	656
657	643
657	656
657	677
664	644
664	673
664	694
665	644
666	644
666	673
681	646
1758	646
1758	1757
647	648
647	678
647	687
647	1056
648	647
648	1399
678	647
678	1403
1056	647
687	647
687	686
1399	648
1399	1392
1399	1746
656	650
656	657
656	658
656	676
652	653
652	654
652	670
670	652
670	667
670	671
670	1737
667	653
667	670
667	688
671	654
671	670
671	674
674	654
674	671
674	675
674	1743
676	655
676	656
676	675
676	691
658	656
658	691
658	1738
677	657
677	680
1738	658
1738	1739
691	658
691	676
691	690
691	1031
661	660
661	704
661	705
704	660
704	661
704	703
705	661
705	706
662	685
694	664
688	667
688	689
688	1737
688	1745
1737	670
1737	688
1737	1742
675	674
675	676
675	690
1743	674
1743	697
1743	1761
690	675
690	691
690	697
690	1031
680	677
680	679
680	1829
1403	678
1403	1390
1403	1392
1403	1402
679	680
1829	680
1829	1739
1829	1830
696	682
879	685
879	842
692	686
689	688
1745	688
1745	1744
697	690
697	1743
697	1748
1031	690
1031	691
1031	1749
1748	697
1748	1749
1748	1753
699	698
699	796
699	808
700	698
700	701
700	797
796	699
796	788
796	797
701	700
701	702
797	700
797	790
797	796
706	705
708	709
708	777
709	708
709	780
709	789
777	708
777	789
777	790
780	709
780	778
780	779
789	709
789	777
789	788
710	711
710	919
710	921
711	710
711	863
919	710
919	918
919	1060
921	710
921	714
863	711
863	1039
712	713
712	714
712	715
713	712
713	922
713	1040
714	712
714	921
714	922
714	1060
715	712
715	1060
715	1061
715	1065
922	713
922	714
922	1039
1040	713
1040	717
1060	714
1060	715
1060	919
1060	1061
1061	715
1061	1057
1061	1060
1061	1263
1065	715
1065	1064
1065	1068
716	717
716	720
716	1037
717	716
717	1038
717	1040
720	716
720	724
720	732
720	986
1037	716
1037	986
1037	1038
1037	1041
1038	717
1038	1037
1038	1041
718	719
718	723
719	718
719	721
723	718
723	721
723	724
721	719
721	722
721	723
724	720
724	723
724	727
732	720
732	731
732	988
986	720
986	985
986	988
986	1037
722	721
722	1064
722	1069
1064	722
1064	1065
1064	1079
1069	722
727	724
727	728
727	730
725	726
725	729
725	931
725	1046
726	725
726	1042
726	1044
729	725
729	735
729	740
931	725
931	743
931	932
931	1055
1046	725
1046	1044
1046	1047
1042	726
1042	1041
1042	1043
1044	726
1044	1046
728	727
728	975
728	1088
728	1089
730	727
730	737
730	975
975	728
975	730
975	751
975	1094
1088	728
1088	1086
1088	1089
1088	1094
1089	728
1089	1079
1089	1081
1089	1088
735	729
735	739
735	755
740	729
740	741
740	746
737	730
737	736
737	1026
731	732
731	733
731	736
733	731
733	734
733	736
733	930
736	731
736	733
736	737
736	738
736	930
988	732
988	734
988	986
988	1036
734	733
734	988
734	1055
930	733
930	736
930	743
930	1055
1055	734
1055	930
1055	931
739	735
739	747
739	748
755	735
755	742
755	761
738	736
738	744
738	929
1026	737
1026	745
1026	973
744	738
744	745
744	927
929	738
929	743
929	754
929	927
747	739
747	746
747	749
748	739
748	749
748	766
741	740
741	1045
741	1047
746	740
746	747
746	756
746	941
1045	741
1045	757
1047	741
1047	1046
742	743
742	753
742	755
743	742
743	929
743	930
743	931
753	742
753	754
753	774
745	744
745	973
745	974
745	1026
927	744
927	760
927	929
927	972
973	745
973	751
973	1025
973	1026
974	745
974	972
974	1024
974	1025
756	746
756	757
756	767
941	746
941	813
941	990
749	747
749	748
749	943
766	748
766	765
766	989
943	749
943	813
750	751
750	752
750	925
751	750
751	973
751	975
751	1025
752	750
752	1094
752	1099
925	750
925	926
925	928
925	1023
1025	751
1025	928
1025	973
1025	974
1094	752
1094	975
1094	1088
1099	752
1099	1097
1099	1123
754	753
754	929
774	753
774	760
774	773
774	938
761	755
761	765
761	787
757	756
757	1045
757	1048
767	756
767	768
767	979
1048	757
1048	1052
758	759
758	760
758	773
758	782
759	758
759	940
759	1023
759	1024
760	758
760	774
760	927
760	972
773	758
773	774
773	793
782	758
782	781
782	793
782	940
1023	759
1023	925
1023	928
1023	1022
1024	759
1024	928
1024	972
1024	974
940	759
940	782
940	1022
940	1288
972	760
972	927
972	974
972	1024
765	761
765	766
765	810
787	761
787	791
787	938
762	763
762	764
762	769
763	762
763	764
763	1051
764	762
764	763
764	1050
769	762
769	770
769	984
1051	763
1051	768
1050	764
1050	1049
810	765
810	801
810	812
810	820
989	766
768	767
768	1051
768	1052
979	767
979	806
979	980
1052	768
1052	1048
770	769
770	772
770	805
984	769
984	977
805	770
805	806
805	829
772	770
772	771
771	772
793	773
793	782
793	792
793	794
938	774
938	787
938	794
938	939
1049	775
1049	1050
1053	776
1053	800
790	777
790	788
790	797
778	779
778	780
778	804
778	958
779	778
779	780
779	1019
804	778
804	828
804	844
958	778
958	799
958	960
958	1019
1019	779
1019	958
1019	1054
781	782
781	783
781	1134
783	781
1134	781
1134	1132
1134	1133
1134	1289
784	785
784	786
784	801
785	784
786	784
801	784
801	795
801	810
791	787
791	795
791	937
788	789
788	790
788	796
795	791
795	801
795	936
937	791
937	834
937	936
937	939
792	793
792	794
792	814
792	815
794	792
794	793
794	938
794	939
814	792
814	824
814	837
815	792
815	837
815	875
939	794
939	834
939	937
939	938
936	795
936	833
936	935
936	937
798	799
798	800
798	807
799	798
799	958
799	960
799	1054
800	798
800	1053
800	1054
960	799
960	934
960	958
960	959
1054	799
1054	800
1054	1019
920	802
992	802
844	804
844	843
844	1011
828	804
828	808
828	826
828	869
806	805
806	979
806	981
829	805
829	830
829	838
981	806
809	807
809	818
809	953
953	809
953	840
953	933
818	809
818	816
812	810
812	813
812	823
820	810
820	819
820	833
820	951
1013	811
1013	827
813	812
813	941
813	942
813	943
823	812
823	821
823	942
823	951
942	813
942	823
824	814
824	1145
824	1326
824	1377
837	814
837	815
837	866
875	815
875	888
875	891
816	817
816	818
816	830
816	840
817	816
817	976
817	1003
840	816
840	839
840	952
840	953
830	816
830	829
976	817
976	977
976	978
1003	817
819	820
819	832
819	845
832	819
832	833
832	834
845	819
845	855
845	864
951	820
951	823
951	855
951	858
833	820
833	832
833	834
833	936
821	822
821	823
821	835
822	821
835	821
835	836
835	838
1145	824
1145	1146
1145	1149
1326	824
1326	871
1326	1181
1326	1387
1377	824
1377	1146
1377	1375
826	827
826	828
826	842
826	847
827	826
827	1013
842	826
842	831
842	879
847	826
847	848
847	859
869	828
869	843
869	868
869	1016
838	829
838	835
838	858
834	832
834	833
834	937
834	939
836	835
866	837
866	865
866	945
858	838
858	857
858	951
858	952
839	840
839	852
839	959
852	839
852	856
852	862
959	839
959	850
959	960
959	962
952	840
952	858
952	882
952	883
1073	841
843	844
843	846
843	869
843	1010
846	843
846	851
846	969
1010	843
1011	844
864	845
864	867
864	950
855	845
855	854
855	950
855	951
851	846
851	849
851	850
851	970
969	846
969	956
969	970
969	1016
848	847
859	847
859	868
859	878
849	850
849	851
849	961
849	1005
850	849
850	851
850	959
850	962
1005	849
1005	911
1005	1004
1005	1006
961	849
961	861
961	964
961	971
962	850
962	862
962	959
962	971
970	851
970	956
970	969
970	1008
856	852
856	877
856	883
862	852
862	860
862	877
862	962
854	855
854	903
903	854
903	902
903	905
950	855
950	864
950	1002
950	1014
877	856
877	862
877	876
877	883
883	856
883	877
883	881
883	952
857	858
857	872
857	882
872	857
872	873
882	857
882	881
882	952
868	859
868	869
868	966
878	859
860	861
860	862
860	876
860	963
861	860
861	961
861	964
861	971
876	860
876	877
876	880
963	860
963	964
963	965
963	1004
964	861
964	961
964	963
971	861
971	961
971	962
1039	863
1039	922
867	864
867	874
867	893
865	866
865	870
865	886
870	865
870	871
870	884
886	865
886	885
886	944
886	945
945	866
945	886
874	867
874	894
893	867
893	901
966	868
966	957
966	967
1016	869
1016	968
1016	969
871	870
871	1326
884	870
873	872
894	874
894	887
894	994
891	875
891	888
891	890
891	892
888	875
888	887
888	891
888	948
880	876
880	881
881	880
881	882
881	883
885	886
885	897
885	946
897	885
946	885
946	892
946	947
946	949
944	886
887	888
887	889
887	894
889	887
948	888
890	891
890	892
892	890
892	891
892	946
892	947
947	892
947	946
901	893
901	900
901	1014
994	894
896	895
898	899
899	898
900	901
1014	901
1014	950
1014	1002
902	903
905	903
905	904
905	1002
904	905
1002	905
1002	950
1002	1014
906	907
907	906
908	909
908	955
908	1017
909	908
909	954
909	955
1017	908
1017	1008
955	908
955	909
954	909
954	956
954	957
910	911
910	1018
911	910
911	1005
911	1007
911	1008
1018	910
1018	1008
1007	911
1007	1004
1008	911
1008	970
1008	1017
1008	1018
912	913
912	1810
912	1817
913	912
913	1432
1817	912
1817	1432
1810	912
1810	1768
1810	1784
1810	1806
1432	913
1432	1817
1432	1836
914	915
914	1327
915	914
916	917
916	1015
917	916
1015	916
918	919
918	1057
1057	918
1057	1061
1057	1264
926	925
926	1022
926	1123
928	925
928	1023
928	1024
928	1025
1022	926
1022	940
1022	1023
1022	1308
1123	926
1123	1099
1123	1122
1123	1272
932	931
932	1043
1043	932
1043	985
1043	1042
933	934
933	953
934	933
934	960
935	936
1288	940
1288	1133
1288	1286
1288	1308
990	941
949	946
956	954
956	957
956	969
956	970
957	954
957	956
957	966
957	968
968	957
968	1016
965	963
1004	963
1004	1005
1004	1007
967	966
977	976
977	984
978	976
980	979
982	983
983	982
985	986
985	987
985	1043
987	985
1036	988
993	991
995	996
996	995
997	998
998	997
999	1000
1000	999
1006	1005
1021	1009
1021	1172
1021	1246
1021	1253
1027	1009
1028	1009
1172	1021
1246	1021
1253	1021
1308	1022
1308	1141
1308	1288
1308	1309
1029	1030
1030	1029
1749	1031
1749	1748
1749	1754
1032	1033
1032	1683
1033	1032
1683	1032
1683	1645
1034	1035
1035	1034
1041	1037
1041	1038
1041	1042
1264	1057
1264	1059
1264	1263
1058	1059
1058	1354
1059	1058
1059	1264
1354	1058
1354	1063
1263	1061
1263	1264
1263	1270
1062	1063
1062	1265
1062	1268
1063	1062
1063	1268
1063	1354
1265	1062
1265	1267
1265	1303
1268	1062
1268	1063
1268	1067
1079	1064
1079	1081
1079	1089
1068	1065
1068	1066
1068	1270
1066	1067
1066	1068
1066	1076
1067	1066
1067	1268
1067	1269
1067	1270
1076	1066
1076	1077
1076	1080
1076	1081
1076	1269
1270	1067
1270	1068
1270	1263
1269	1067
1269	1076
1269	1266
1269	1267
1070	1071
1070	1072
1070	1077
1071	1070
1071	1267
1071	1303
1072	1070
1072	1074
1072	1078
1077	1070
1077	1076
1077	1266
1077	1276
1303	1071
1303	1265
1267	1071
1267	1265
1267	1266
1267	1269
1074	1072
1074	1078
1074	1082
1078	1072
1078	1074
1078	1083
1082	1074
1082	1085
1570	1075
1080	1076
1080	1081
1080	1087
1081	1076
1081	1079
1081	1080
1081	1089
1276	1077
1276	1083
1276	1091
1276	1275
1266	1077
1266	1267
1266	1269
1083	1078
1083	1092
1083	1276
1087	1080
1087	1086
1087	1277
1085	1082
1085	1084
1085	1092
1092	1083
1092	1085
1092	1104
1092	1275
1084	1085
1084	1093
1093	1084
1093	1098
1093	1105
1086	1087
1086	1088
1086	1090
1090	1086
1090	1091
1090	1097
1277	1087
1277	1091
1091	1090
1091	1101
1091	1276
1091	1277
1097	1090
1097	1099
1097	1100
1101	1091
1101	1100
1101	1274
1101	1275
1275	1092
1275	1101
1275	1276
1275	1279
1104	1092
1104	1103
1104	1279
1098	1093
1098	1102
1098	1109
1105	1093
1105	1103
1105	1334
1096	1095
1096	1435
1096	1452
1463	1095
1463	1427
1463	1435
1463	1454
1435	1096
1435	1418
1435	1437
1435	1463
1452	1096
1452	1436
1452	1456
1100	1097
1100	1101
1100	1106
1102	1098
1102	1110
1102	1111
1109	1098
1109	1107
1109	1111
1109	1127
1106	1100
1106	1272
1106	1274
1274	1101
1274	1106
1274	1108
1274	1273
1110	1102
1110	1115
1110	1116
1111	1102
1111	1109
1111	1117
1111	1119
1103	1104
1103	1105
1103	1107
1107	1103
1107	1108
1107	1109
1279	1104
1279	1108
1279	1275
1279	1333
1334	1105
1272	1106
1272	1113
1272	1123
1272	1273
1108	1107
1108	1274
1108	1278
1108	1279
1278	1108
1278	1127
1278	1273
1127	1109
1127	1119
1127	1126
1127	1278
1115	1110
1115	1116
1115	1121
1116	1110
1116	1115
1116	1117
1117	1111
1117	1116
1117	1137
1119	1111
1119	1118
1119	1127
1119	1284
1112	1113
1112	1114
1112	1126
1113	1112
1113	1272
1113	1335
1114	1112
1126	1112
1126	1127
1126	1128
1335	1113
1121	1115
1121	1120
1137	1117
1137	1136
1137	1284
1118	1119
1118	1135
1118	1285
1135	1118
1135	1128
1135	1151
1285	1118
1285	1190
1285	1341
1284	1119
1284	1137
1284	1282
1284	1342
1120	1121
1120	1125
1120	1347
1347	1120
1347	1158
1347	1348
1125	1120
1125	1124
1122	1123
1122	1129
1122	1309
1129	1122
1129	1130
1129	1141
1309	1122
1309	1308
1124	1125
1124	1131
1124	1139
1124	1211
1131	1124
1131	1144
1139	1124
1139	1155
1139	1177
1211	1124
1211	1159
1211	1238
1128	1126
1128	1135
1128	1151
1151	1128
1151	1135
1151	1147
1151	1168
1151	1188
1130	1129
1141	1129
1141	1140
1141	1143
1141	1308
1144	1131
1144	1156
1144	1304
1132	1133
1132	1134
1132	1375
1133	1132
1133	1134
1133	1286
1133	1288
1375	1132
1375	1146
1375	1150
1375	1377
1286	1133
1286	1140
1286	1150
1286	1287
1286	1288
1289	1134
1136	1137
1136	1138
1136	1152
1138	1136
1152	1136
1152	1157
1152	1282
1155	1139
1155	1156
1155	1243
1177	1139
1177	1175
1177	1349
1177	1350
1140	1141
1140	1143
1140	1286
1143	1140
1143	1141
1143	1142
1143	1287
1142	1143
1142	1147
1142	1148
1147	1142
1147	1148
1147	1151
1147	1183
1148	1142
1148	1147
1287	1143
1287	1183
1287	1286
1287	1311
1304	1144
1304	1292
1156	1144
1156	1155
1156	1351
1146	1145
1146	1150
1146	1375
1146	1377
1149	1145
1149	1150
1149	1161
1150	1146
1150	1149
1150	1286
1150	1317
1150	1375
1183	1147
1183	1182
1183	1188
1183	1287
1161	1149
1161	1160
1161	1358
1317	1150
1317	1318
1317	1319
1168	1151
1168	1188
1168	1190
1168	1196
1188	1151
1188	1168
1188	1183
1188	1187
1157	1152
1157	1158
1157	1159
1282	1152
1282	1283
1282	1284
1153	1154
1153	1344
1154	1153
1344	1153
1344	1345
1344	1353
1243	1155
1243	1202
1243	1242
1243	1292
1351	1156
1158	1157
1158	1347
1159	1157
1159	1205
1159	1211
1205	1159
1205	1204
1205	1283
1205	1290
1160	1161
1160	1163
1160	1165
1165	1160
1165	1164
1163	1160
1163	1162
1163	1359
1358	1161
1162	1163
1162	1164
1162	1167
1164	1162
1164	1165
1164	1169
1164	1184
1167	1162
1167	1166
1167	1360
1359	1163
1169	1164
1169	1166
1169	1171
1184	1164
1184	1352
1184	1376
1166	1167
1166	1169
1166	1170
1170	1166
1170	1171
1170	1178
1360	1167
1190	1168
1190	1189
1190	1283
1190	1285
1196	1168
1196	1189
1196	1195
1171	1169
1171	1170
1171	1181
1178	1170
1178	1173
1178	1181
1178	1365
1181	1171
1181	1178
1181	1326
1181	1356
1173	1174
1173	1178
1173	1361
1174	1173
1174	1180
1174	1366
1361	1173
1361	1186
1361	1366
1180	1174
1180	1179
1180	1318
1366	1174
1366	1179
1366	1301
1366	1361
1175	1176
1175	1177
1175	1202
1176	1175
1202	1175
1202	1200
1202	1243
1202	1291
1349	1177
1350	1177
1365	1178
1365	1185
1365	1356
1179	1180
1179	1366
1318	1180
1318	1317
1356	1181
1356	1192
1356	1365
1182	1183
1182	1209
1182	1310
1310	1182
1310	1194
1310	1209
1310	1311
1209	1182
1209	1208
1209	1310
1209	1312
1352	1184
1376	1184
1185	1186
1185	1191
1185	1365
1186	1185
1186	1361
1191	1185
1191	1192
1191	1207
1187	1188
1187	1195
1187	1210
1187	1213
1195	1187
1195	1196
1195	1210
1210	1187
1210	1195
1210	1213
1210	1226
1213	1187
1213	1210
1213	1218
1189	1190
1189	1196
1189	1204
1189	1297
1204	1189
1204	1205
1204	1296
1297	1189
1297	1295
1283	1190
1283	1205
1283	1282
1192	1191
1192	1356
1207	1191
1207	1199
1207	1206
1193	1194
1193	1314
1193	1319
1194	1193
1194	1208
1194	1310
1314	1193
1314	1208
1314	1215
1319	1193
1319	1311
1319	1317
1208	1194
1208	1209
1208	1312
1208	1314
1197	1198
1197	1199
1197	1206
1197	1370
1198	1197
1198	1300
1198	1301
1198	1302
1199	1197
1199	1207
1199	1369
1206	1197
1206	1207
1206	1212
1206	1387
1370	1197
1370	1212
1370	1222
1301	1198
1301	1214
1301	1366
1300	1198
1300	1214
1300	1222
1300	1231
1302	1198
1369	1199
1200	1201
1200	1202
1200	1229
1201	1200
1229	1200
1229	1247
1291	1202
1291	1238
1296	1204
1296	1295
1296	1346
1290	1205
1290	1238
1290	1295
1212	1206
1212	1221
1212	1357
1212	1370
1387	1206
1387	1326
1387	1336
1312	1208
1312	1209
1312	1219
1226	1210
1226	1228
1226	1233
1226	1235
1238	1211
1238	1237
1238	1290
1238	1291
1357	1212
1357	1224
1221	1212
1221	1220
1221	1224
1218	1213
1218	1216
1218	1219
1218	1228
1214	1215
1214	1217
1214	1300
1214	1301
1215	1214
1215	1217
1215	1314
1217	1214
1217	1215
1217	1216
1217	1299
1216	1217
1216	1218
1216	1219
1219	1216
1219	1218
1219	1312
1299	1217
1299	1227
1299	1231
1299	1298
1228	1218
1228	1226
1228	1227
1228	1233
1220	1221
1220	1222
1220	1223
1220	1225
1222	1220
1222	1300
1222	1370
1223	1220
1223	1224
1223	1225
1223	1316
1225	1220
1225	1223
1225	1230
1224	1221
1224	1223
1224	1357
1316	1223
1316	1315
1230	1225
1230	1231
1230	1234
1235	1226
1235	1236
1235	1241
1233	1226
1233	1228
1233	1232
1233	1236
1227	1228
1227	1232
1227	1299
1232	1227
1232	1233
1232	1236
1232	1298
1247	1229
1231	1230
1231	1240
1231	1299
1231	1300
1234	1230
1234	1239
1240	1231
1240	1239
1240	1262
1240	1298
1236	1232
1236	1233
1236	1235
1236	1313
1298	1232
1298	1240
1298	1299
1298	1313
1239	1234
1239	1240
1239	1262
1241	1235
1241	1249
1241	1261
1313	1236
1313	1249
1313	1298
1237	1238
1237	1251
1251	1237
1251	1252
1262	1239
1262	1240
1262	1250
1261	1241
1261	1249
1249	1241
1249	1248
1249	1261
1249	1313
1242	1243
1292	1243
1292	1304
1292	1305
1244	1245
1245	1244
1248	1249
1248	1250
1250	1248
1250	1262
1252	1251
1254	1255
1254	1256
1255	1254
1256	1254
1257	1258
1258	1257
1259	1260
1259	1280
1260	1259
1280	1259
1280	1281
1273	1272
1273	1274
1273	1278
1333	1279
1281	1280
1342	1284
1341	1285
1311	1287
1311	1310
1311	1319
1295	1290
1295	1296
1295	1297
1305	1292
1305	1306
1293	1294
1294	1293
1346	1296
1306	1305
1306	1307
1307	1306
1315	1316
1315	1337
1315	1338
1338	1315
1338	1336
1337	1315
1337	1336
1320	1321
1320	1324
1321	1320
1324	1320
1324	1325
1324	1328
1322	1323
1322	1343
1323	1322
1323	1339
1343	1322
1343	1339
1339	1323
1339	1340
1339	1343
1325	1324
1328	1324
1328	1329
1390	1327
1390	1391
1390	1403
1390	1407
1424	1327
1424	1408
1424	1419
1329	1328
1330	1331
1330	1332
1331	1330
1332	1330
1336	1337
1336	1338
1336	1387
1340	1339
1345	1344
1353	1344
1348	1347
1362	1363
1363	1362
1552	1364
1552	1545
1552	1546
1552	1559
1547	1364
1547	1544
1547	1545
1547	1550
1367	1368
1368	1367
1368	1905
1905	1368
1905	1904
1372	1371
1373	1374
1374	1373
1374	1718
1718	1374
1378	1379
1379	1378
1379	1381
1379	1382
1381	1379
1382	1379
1383	1384
1383	1385
1383	1388
1384	1383
1384	1389
1385	1383
1388	1383
1388	1389
1389	1384
1389	1388
1394	1386
1394	1393
1407	1390
1407	1391
1407	1406
1407	1412
1391	1390
1391	1392
1391	1407
1391	1410
1392	1391
1392	1399
1392	1403
1393	1394
1393	1395
1393	1397
1395	1393
1397	1393
1397	1396
1686	1396
1746	1399
1746	1665
1746	1666
1591	1400
1591	1422
1591	1437
1591	1592
1402	1403
1404	1405
1404	1406
1404	1408
1405	1404
1406	1404
1406	1407
1406	1412
1408	1404
1408	1411
1408	1412
1408	1424
1412	1406
1412	1407
1412	1408
1412	1417
1412	1585
1411	1408
1409	1410
1409	1413
1409	1414
1413	1409
1413	1414
1413	1687
1414	1409
1414	1413
1416	1410
1416	1415
1416	1417
1416	1687
1585	1412
1417	1412
1417	1415
1417	1416
1417	1423
1687	1413
1687	1416
1687	1688
1415	1416
1415	1417
1415	1423
1415	1437
1437	1415
1437	1435
1437	1436
1437	1591
1423	1415
1423	1417
1423	1418
1423	1419
1418	1419
1418	1423
1418	1425
1418	1435
1418	1438
1419	1418
1419	1423
1419	1424
1425	1418
1425	1427
1425	1438
1438	1418
1438	1425
1438	1427
1438	1431
1420	1421
1420	1422
1420	1590
1421	1420
1421	1589
1421	1667
1422	1420
1422	1590
1422	1591
1422	1592
1590	1420
1590	1422
1590	1588
1590	1594
1589	1421
1589	1588
1589	1601
1427	1425
1427	1426
1427	1438
1427	1463
1426	1427
1426	1428
1426	1429
1428	1426
1429	1426
1429	1430
1429	1431
1430	1429
1430	1433
1431	1429
1431	1438
1433	1430
1433	1434
1433	1586
1836	1432
1836	1834
1434	1433
1434	1831
1434	1832
1586	1433
1586	1454
1586	1587
1586	1684
1831	1434
1832	1434
1832	1833
1436	1437
1436	1452
1436	1689
1689	1436
1689	1690
1439	1440
1439	1441
1439	1446
1440	1439
1440	1441
1441	1439
1441	1440
1441	1444
1441	1448
1446	1439
1446	1447
1446	1448
1444	1441
1444	1445
1444	1450
1448	1441
1448	1446
1448	1450
1448	1453
1442	1443
1442	1449
1442	1451
1443	1442
1443	1445
1449	1442
1451	1442
1451	1445
1451	1450
1445	1443
1445	1444
1445	1451
1450	1444
1450	1448
1450	1451
1447	1446
1447	1693
1447	1694
1693	1447
1694	1447
1453	1448
1453	1454
1453	1458
1456	1452
1456	1455
1456	1699
1454	1453
1454	1463
1454	1586
1454	1684
1458	1453
1458	1457
1458	1598
1458	1599
1684	1454
1684	1586
1684	1685
1455	1456
1455	1699
1457	1458
1457	1459
1457	1460
1459	1457
1459	1461
1459	1462
1460	1457
1460	1470
1460	1598
1598	1458
1598	1460
1598	1596
1598	1597
1599	1458
1461	1459
1461	1462
1461	1467
1462	1459
1462	1461
1462	1470
1470	1460
1470	1462
1470	1473
1464	1465
1464	1466
1464	1475
1465	1464
1465	1593
1465	1600
1465	1601
1466	1464
1466	1601
1466	1668
1475	1464
1475	1476
1475	1497
1593	1465
1593	1588
1593	1594
1593	1595
1600	1465
1600	1595
1600	1603
1601	1465
1601	1466
1601	1589
1668	1466
1668	1497
1668	1669
1471	1467
1471	1472
1471	1477
1697	1469
1473	1470
1473	1474
1473	1477
1477	1471
1477	1473
1477	1481
1477	1696
1474	1473
1474	1882
1474	1883
1474	1899
1882	1474
1883	1474
1883	1596
1899	1474
1899	1897
1476	1475
1476	1603
1497	1475
1497	1496
1497	1498
1497	1668
1603	1476
1603	1600
1603	1602
1481	1477
1481	1482
1481	1484
1696	1477
1478	1479
1478	1480
1478	1498
1479	1478
1479	1607
1479	1610
1479	1612
1480	1478
1480	1610
1498	1478
1498	1496
1498	1497
1498	1612
1607	1479
1607	1608
1607	1609
1607	1612
1610	1479
1610	1480
1610	1602
1612	1479
1612	1498
1612	1506
1612	1607
1612	1611
1482	1481
1482	1483
1482	1657
1484	1481
1484	1492
1484	1613
1483	1482
1483	1700
1657	1482
1657	1656
1700	1483
1492	1484
1492	1491
1492	1614
1492	1659
1613	1484
1613	1490
1485	1486
1485	1487
1485	1495
1486	1485
1486	1605
1486	1615
1487	1485
1495	1485
1495	1494
1495	1701
1615	1486
1605	1486
1605	1490
1605	1606
1489	1490
1489	1493
1489	1494
1490	1489
1490	1605
1490	1613
1490	1614
1494	1489
1494	1495
1494	1508
1493	1489
1493	1491
1493	1614
1493	1624
1614	1490
1614	1492
1614	1493
1491	1492
1491	1493
1491	1660
1491	1698
1660	1491
1660	1533
1660	1624
1660	1659
1698	1491
1659	1492
1659	1656
1659	1660
1659	1714
1624	1493
1624	1554
1624	1623
1624	1660
1508	1494
1508	1507
1508	1728
1701	1495
1496	1497
1496	1498
1496	1502
1502	1496
1502	1501
1502	1617
1502	1618
1499	1500
1499	1538
1499	1710
1499	1712
1500	1499
1500	1510
1500	1673
1538	1499
1538	1525
1538	1544
1712	1499
1712	1713
1712	1714
1710	1499
1710	1626
1710	1714
1673	1500
1673	1658
1673	1674
1673	1713
1510	1500
1510	1505
1510	1509
1510	1679
1501	1502
1501	1503
1501	1619
1503	1501
1503	1504
1503	1621
1619	1501
1619	1617
1619	1620
1619	1672
1617	1502
1617	1616
1617	1619
1618	1502
1504	1503
1504	1622
1504	1671
1621	1503
1621	1620
1621	1622
1621	1675
1671	1504
1671	1670
1622	1504
1622	1621
1622	1675
1505	1506
1505	1510
1505	1679
1506	1505
1506	1612
1506	1655
1506	1658
1679	1505
1679	1510
1679	1516
1679	1678
1655	1506
1655	1608
1658	1506
1658	1656
1658	1673
1507	1508
1507	1554
1507	1661
1554	1507
1554	1553
1554	1624
1554	1661
1661	1507
1661	1554
1661	1662
1661	1725
1728	1508
1509	1510
1511	1512
1511	1516
1511	1629
1512	1511
1512	1630
1512	1678
1629	1511
1629	1583
1629	1630
1629	1680
1516	1511
1516	1515
1516	1583
1516	1679
1678	1512
1678	1677
1678	1679
1630	1512
1630	1629
1630	1680
1513	1514
1515	1516
1515	1527
1515	1627
1527	1515
1527	1531
1527	1632
1627	1515
1627	1583
1627	1628
1583	1516
1583	1584
1583	1627
1583	1629
1517	1518
1517	1519
1518	1517
1519	1517
1519	1532
1519	1626
1532	1519
1532	1533
1626	1519
1626	1625
1626	1710
1626	1711
1521	1522
1521	1546
1521	1551
1522	1521
1522	1533
1551	1521
1551	1553
1546	1521
1546	1545
1546	1552
1533	1522
1533	1532
1533	1660
1523	1524
1524	1523
1525	1526
1525	1528
1525	1538
1526	1525
1528	1525
1528	1542
1531	1527
1531	1529
1531	1530
1531	1633
1632	1527
1632	1631
1632	1634
1542	1528
1542	1543
1542	1544
1529	1530
1529	1531
1529	1704
1530	1529
1530	1531
1530	1705
1704	1529
1704	1537
1704	1705
1705	1530
1705	1704
1705	1708
1633	1531
1633	1631
1633	1647
1535	1534
1535	1550
1535	1641
1535	1643
1541	1534
1541	1539
1641	1535
1643	1535
1643	1708
1536	1537
1536	1540
1536	1730
1537	1536
1537	1704
1537	1708
1730	1536
1730	1567
1730	1729
1730	1734
1540	1536
1540	1539
1708	1537
1708	1643
1708	1705
1544	1538
1544	1542
1544	1547
1543	1542
1545	1546
1545	1547
1545	1552
1548	1549
1549	1548
1553	1551
1553	1554
1553	1556
1553	1564
1559	1552
1559	1558
1559	1636
1556	1553
1556	1555
1556	1574
1564	1553
1564	1563
1564	1635
1564	1636
1555	1556
1555	1562
1562	1555
1562	1560
1562	1574
1562	1638
1574	1556
1574	1562
1574	1573
1574	1637
1558	1559
1558	1563
1558	1568
1563	1558
1563	1564
1563	1651
1568	1558
1636	1559
1636	1564
1560	1561
1560	1562
1560	1571
1561	1560
1571	1560
1571	1572
1638	1562
1651	1563
1651	1650
1651	1716
1635	1564
1635	1637
1635	1650
1565	1566
1565	1567
1565	1569
1566	1565
1566	1729
1566	1731
1566	1732
1567	1565
1567	1730
1567	1735
1569	1565
1569	1576
1569	1732
1569	1733
1731	1566
1731	1729
1729	1566
1729	1730
1729	1731
1732	1566
1732	1569
1732	1733
1735	1567
1576	1569
1733	1569
1733	1702
1733	1732
1572	1571
1572	1573
1572	1579
1573	1572
1573	1574
1573	1575
1579	1572
1579	1581
1579	1719
1575	1573
1575	1637
1575	1717
1637	1574
1637	1575
1637	1635
1717	1575
1717	1650
1577	1578
1577	1973
1578	1577
1973	1577
1973	1964
1973	1972
1581	1579
1581	1582
1719	1579
1719	1720
1719	1721
1582	1581
1582	1723
1582	1724
1723	1582
1724	1582
1584	1583
1584	1628
1584	1682
1682	1584
1682	1647
1682	1681
1628	1584
1628	1627
1628	1634
1587	1586
1588	1589
1588	1590
1588	1593
1594	1590
1594	1593
1594	1736
1595	1593
1595	1600
1595	1604
1736	1594
1736	1604
1604	1595
1604	1602
1604	1736
1596	1597
1596	1598
1596	1883
1597	1596
1597	1598
1597	1695
1695	1597
1602	1603
1602	1604
1602	1610
1606	1605
1606	1897
1897	1606
1897	1898
1897	1899
1608	1607
1608	1609
1608	1655
1609	1607
1609	1608
1611	1612
1611	1616
1616	1611
1616	1617
1620	1619
1620	1621
1620	1676
1672	1619
1672	1676
1672	1677
1676	1620
1676	1672
1676	1675
1675	1621
1675	1622
1675	1676
1623	1624
1625	1626
1711	1626
1634	1628
1634	1631
1634	1632
1680	1629
1680	1630
1680	1681
1631	1632
1631	1633
1631	1634
1647	1633
1647	1646
1647	1682
1650	1635
1650	1651
1650	1652
1650	1717
1639	1640
1640	1639
1644	1645
1645	1644
1645	1681
1645	1683
1681	1645
1681	1680
1681	1682
1646	1647
1648	1649
1649	1648
1652	1650
1716	1651
1653	1654
1654	1653
1656	1657
1656	1658
1656	1659
1656	1713
1713	1656
1713	1673
1713	1712
1714	1659
1714	1710
1714	1712
1714	1715
1662	1661
1662	1663
1662	1664
1725	1661
1725	1663
1725	1727
1663	1662
1663	1725
1663	1726
1664	1662
1726	1663
1665	1666
1665	1746
1669	1668
1669	1670
1670	1669
1670	1671
1677	1672
1677	1678
1674	1673
1685	1684
1688	1687
1690	1689
1691	1692
1691	1965
1692	1691
1965	1691
1965	1964
1702	1703
1702	1733
1703	1702
1706	1707
1706	1709
1706	1985
1707	1706
1709	1706
1985	1706
1985	1986
1985	1988
1715	1714
1720	1719
1721	1719
1721	1722
1722	1721
1727	1725
1734	1730
1742	1737
1742	1747
1739	1738
1739	1829
1741	1740
1744	1740
1744	1745
1747	1742
1747	1750
1747	1752
1761	1743
1761	1760
1761	1762
1750	1747
1750	1775
1752	1747
1752	1751
1753	1748
1753	1754
1753	1759
1754	1749
1754	1753
1775	1750
1775	1776
1775	1786
1751	1752
1759	1753
1759	1762
1759	1778
1755	1756
1756	1755
1757	1758
1762	1759
1762	1760
1762	1761
1778	1759
1778	1777
1760	1761
1760	1762
1760	1776
1776	1760
1776	1775
1763	1764
1763	1765
1763	1783
1764	1763
1765	1763
1765	1777
1783	1763
1783	1779
1783	1787
1777	1765
1777	1778
1777	1779
1766	1767
1767	1766
1768	1769
1768	1784
1768	1810
1784	1768
1784	1785
1784	1788
1784	1810
1770	1771
1770	1772
1771	1770
1772	1770
1772	1773
1772	1774
1773	1772
1774	1772
1786	1775
1786	1796
1779	1777
1779	1783
1779	1790
1790	1779
1790	1793
1790	1800
1780	1781
1780	1782
1781	1780
1782	1780
1787	1783
1787	1789
1787	1794
1785	1784
1788	1784
1788	1789
1788	1805
1796	1786
1796	1795
1789	1787
1789	1788
1789	1840
1794	1787
1794	1793
1805	1788
1805	1806
1805	1809
1840	1789
1840	1839
1793	1790
1793	1794
1793	1800
1800	1790
1800	1793
1800	1807
1791	1792
1791	1799
1792	1791
1799	1791
1799	1797
1795	1796
1797	1798
1797	1799
1797	1802
1798	1797
1802	1797
1802	1801
1807	1800
1807	1808
1807	1815
1801	1802
1801	1811
1811	1801
1811	1812
1811	1813
1803	1804
1804	1803
1806	1805
1806	1810
1809	1805
1809	1820
1808	1807
1815	1807
1815	1816
1815	1818
1820	1809
1820	1819
1812	1811
1812	1838
1813	1811
1813	1814
1813	1838
1838	1812
1838	1813
1838	1837
1814	1813
1816	1815
1818	1815
1818	1821
1818	1823
1821	1818
1821	1822
1821	1824
1823	1818
1823	1845
1823	1859
1819	1820
1822	1821
1824	1821
1824	1825
1824	1828
1845	1823
1845	1848
1845	1868
1859	1823
1859	1857
1825	1824
1825	1826
1825	1842
1828	1824
1828	1827
1826	1825
1842	1825
1842	1841
1827	1828
1830	1829
1833	1832
1834	1835
1834	1836
1834	1856
1835	1834
1856	1834
1856	1855
1837	1838
1837	1847
1847	1837
1847	1846
1839	1840
1839	1841
1839	1854
1841	1839
1841	1842
1841	1848
1854	1839
1854	1848
1854	1873
1848	1841
1848	1845
1848	1854
1843	1844
1843	1851
1843	1864
1844	1843
1864	1843
1864	1881
1864	1892
1851	1843
1851	1849
1868	1845
1868	1870
1868	1876
1846	1847
1846	1862
1862	1846
1862	1860
1849	1850
1849	1851
1850	1849
1852	1853
1852	1855
1853	1852
1855	1852
1855	1856
1855	1872
1873	1854
1873	1874
1873	1915
1872	1855
1872	1871
1857	1858
1857	1859
1857	1863
1858	1857
1863	1857
1863	1865
1863	1870
1860	1861
1860	1862
1860	1866
1861	1860
1866	1860
1866	1867
1866	1869
1865	1863
1865	1867
1865	1901
1870	1863
1870	1868
1870	1878
1892	1864
1892	1881
1892	1891
1881	1864
1881	1879
1881	1880
1881	1892
1901	1865
1901	1867
1901	1900
1867	1865
1867	1866
1867	1901
1869	1866
1869	1900
1876	1868
1876	1875
1876	1878
1900	1869
1900	1901
1900	1910
1878	1870
1878	1876
1878	1877
1871	1872
1871	1874
1874	1871
1874	1873
1915	1873
1915	1916
1915	1990
1875	1876
1875	1877
1875	1889
1877	1875
1877	1878
1877	1909
1889	1875
1889	1890
1889	1916
1909	1877
1909	1911
1879	1880
1879	1881
1879	1884
1879	1891
1880	1879
1880	1881
1880	1885
1880	1888
1884	1879
1884	1885
1884	1893
1891	1879
1891	1892
1891	1895
1888	1880
1888	1885
1888	1886
1885	1880
1885	1884
1885	1888
1885	1894
1893	1884
1893	1894
1893	1937
1894	1885
1894	1886
1894	1893
1886	1887
1886	1888
1886	1894
1887	1886
1890	1889
1916	1889
1916	1915
1916	1918
1895	1891
1895	1896
1937	1893
1937	1935
1896	1895
1898	1897
1910	1900
1910	1911
1910	1923
1902	1903
1902	1913
1903	1902
1913	1902
1913	1914
1904	1905
1906	1907
1906	1908
1906	1912
1907	1906
1908	1906
1912	1906
1912	1932
1911	1909
1911	1910
1923	1910
1923	1922
1932	1912
1932	1936
1932	1955
1914	1913
1990	1915
1990	1917
1990	1957
1918	1916
1918	1917
1917	1918
1917	1990
1919	1920
1919	1921
1919	1926
1919	1930
1920	1919
1921	1919
1926	1919
1930	1919
1930	1931
1930	1942
1922	1923
1922	1928
1922	1980
1980	1922
1980	1981
1928	1922
1928	1927
1924	1925
1924	1939
1924	1956
1925	1924
1925	1957
1939	1924
1939	1944
1939	1971
1956	1924
1956	1957
1956	1971
1957	1925
1957	1956
1957	1990
1927	1928
1927	1929
1927	1934
1929	1927
1934	1927
1934	1933
1931	1930
1942	1930
1942	1940
1955	1932
1955	1953
1955	1958
1936	1932
1936	1935
1933	1934
1933	1938
1933	1981
1981	1933
1981	1980
1938	1933
1938	1935
1935	1936
1935	1937
1935	1938
1971	1939
1971	1956
1971	1993
1944	1939
1944	1943
1944	1945
1940	1941
1940	1942
1940	1947
1941	1940
1947	1940
1947	1946
1943	1944
1943	1945
1943	1975
1945	1943
1945	1944
1975	1943
1975	1974
1946	1947
1946	1949
1949	1946
1949	1948
1948	1949
1948	1950
1948	1952
1950	1948
1952	1948
1952	1951
1951	1952
1951	1960
1960	1951
1960	1963
1960	1966
1953	1954
1953	1955
1953	1959
1954	1953
1959	1953
1959	1958
1958	1955
1958	1959
1958	1987
1987	1958
1966	1960
1966	1967
1966	1969
1963	1960
1963	1961
1961	1962
1961	1963
1961	1967
1962	1961
1967	1961
1967	1966
1967	1968
1964	1965
1964	1973
1964	1979
1979	1964
1979	1978
1969	1966
1969	1970
1968	1967
1970	1969
1993	1971
1993	1994
1972	1973
1972	1974
1972	1984
1974	1972
1974	1975
1974	1992
1984	1972
1984	1982
1984	1989
1992	1974
1992	1989
1992	1991
1976	1977
1977	1976
1978	1979
1978	1982
1978	1986
1982	1978
1982	1983
1982	1984
1986	1978
1986	1985
1986	1989
1983	1982
1989	1984
1989	1986
1989	1988
1989	1992
1988	1985
1988	1989
1988	1991
1988	1995
1991	1988
1991	1992
1991	1996
1995	1988
1995	1996
1995	1999
1996	1991
1996	1995
1994	1993
1999	1995
1997	1998